
power = 2688.29339180597
throughput = 16755.71
composite = 6711.50240020945
